/*--------------------------------*- C++ -*----------------------------------*\
  =========                 |
  \\      /  F ield         | OpenFOAM: The Open Source CFD Toolbox
   \\    /   O peration     | Website:  https://openfoam.org
    \\  /    A nd           | Version:  9
     \\/     M anipulation  |
\*---------------------------------------------------------------------------*/
FoamFile
{
    format      ascii;
    class       labelList;
    note        "nPoints:4000  nCells:3249  nFaces:10450  nInternalFaces:9044";
    location    "constant/polyMesh";
    object      neighbour;
}
// * * * * * * * * * * * * * * * * * * * * * * * * * * * * * * * * * * * * * //


9044
(
1
19
361
2
20
362
3
21
363
4
22
364
5
23
365
6
24
366
7
25
367
8
26
368
9
27
369
10
28
370
11
29
371
12
30
372
13
31
373
14
32
374
15
33
375
16
34
376
17
35
377
18
36
378
37
379
20
38
380
21
39
381
22
40
382
23
41
383
24
42
384
25
43
385
26
44
386
27
45
387
28
46
388
29
47
389
30
48
390
31
49
391
32
50
392
33
51
393
34
52
394
35
53
395
36
54
396
37
55
397
56
398
39
57
399
40
58
400
41
59
401
42
60
402
43
61
403
44
62
404
45
63
405
46
64
406
47
65
407
48
66
408
49
67
409
50
68
410
51
69
411
52
70
412
53
71
413
54
72
414
55
73
415
56
74
416
75
417
58
76
418
59
77
419
60
78
420
61
79
421
62
80
422
63
81
423
64
82
424
65
83
425
66
84
426
67
85
427
68
86
428
69
87
429
70
88
430
71
89
431
72
90
432
73
91
433
74
92
434
75
93
435
94
436
77
95
437
78
96
438
79
97
439
80
98
440
81
99
441
82
100
442
83
101
443
84
102
444
85
103
445
86
104
446
87
105
447
88
106
448
89
107
449
90
108
450
91
109
451
92
110
452
93
111
453
94
112
454
113
455
96
114
456
97
115
457
98
116
458
99
117
459
100
118
460
101
119
461
102
120
462
103
121
463
104
122
464
105
123
465
106
124
466
107
125
467
108
126
468
109
127
469
110
128
470
111
129
471
112
130
472
113
131
473
132
474
115
133
475
116
134
476
117
135
477
118
136
478
119
137
479
120
138
480
121
139
481
122
140
482
123
141
483
124
142
484
125
143
485
126
144
486
127
145
487
128
146
488
129
147
489
130
148
490
131
149
491
132
150
492
151
493
134
152
494
135
153
495
136
154
496
137
155
497
138
156
498
139
157
499
140
158
500
141
159
501
142
160
502
143
161
503
144
162
504
145
163
505
146
164
506
147
165
507
148
166
508
149
167
509
150
168
510
151
169
511
170
512
153
171
513
154
172
514
155
173
515
156
174
516
157
175
517
158
176
518
159
177
519
160
178
520
161
179
521
162
180
522
163
181
523
164
182
524
165
183
525
166
184
526
167
185
527
168
186
528
169
187
529
170
188
530
189
531
172
190
532
173
191
533
174
192
534
175
193
535
176
194
536
177
195
537
178
196
538
179
197
539
180
198
540
181
199
541
182
200
542
183
201
543
184
202
544
185
203
545
186
204
546
187
205
547
188
206
548
189
207
549
208
550
191
209
551
192
210
552
193
211
553
194
212
554
195
213
555
196
214
556
197
215
557
198
216
558
199
217
559
200
218
560
201
219
561
202
220
562
203
221
563
204
222
564
205
223
565
206
224
566
207
225
567
208
226
568
227
569
210
228
570
211
229
571
212
230
572
213
231
573
214
232
574
215
233
575
216
234
576
217
235
577
218
236
578
219
237
579
220
238
580
221
239
581
222
240
582
223
241
583
224
242
584
225
243
585
226
244
586
227
245
587
246
588
229
247
589
230
248
590
231
249
591
232
250
592
233
251
593
234
252
594
235
253
595
236
254
596
237
255
597
238
256
598
239
257
599
240
258
600
241
259
601
242
260
602
243
261
603
244
262
604
245
263
605
246
264
606
265
607
248
266
608
249
267
609
250
268
610
251
269
611
252
270
612
253
271
613
254
272
614
255
273
615
256
274
616
257
275
617
258
276
618
259
277
619
260
278
620
261
279
621
262
280
622
263
281
623
264
282
624
265
283
625
284
626
267
285
627
268
286
628
269
287
629
270
288
630
271
289
631
272
290
632
273
291
633
274
292
634
275
293
635
276
294
636
277
295
637
278
296
638
279
297
639
280
298
640
281
299
641
282
300
642
283
301
643
284
302
644
303
645
286
304
646
287
305
647
288
306
648
289
307
649
290
308
650
291
309
651
292
310
652
293
311
653
294
312
654
295
313
655
296
314
656
297
315
657
298
316
658
299
317
659
300
318
660
301
319
661
302
320
662
303
321
663
322
664
305
323
665
306
324
666
307
325
667
308
326
668
309
327
669
310
328
670
311
329
671
312
330
672
313
331
673
314
332
674
315
333
675
316
334
676
317
335
677
318
336
678
319
337
679
320
338
680
321
339
681
322
340
682
341
683
324
342
684
325
343
685
326
344
686
327
345
687
328
346
688
329
347
689
330
348
690
331
349
691
332
350
692
333
351
693
334
352
694
335
353
695
336
354
696
337
355
697
338
356
698
339
357
699
340
358
700
341
359
701
360
702
343
703
344
704
345
705
346
706
347
707
348
708
349
709
350
710
351
711
352
712
353
713
354
714
355
715
356
716
357
717
358
718
359
719
360
720
721
362
380
722
363
381
723
364
382
724
365
383
725
366
384
726
367
385
727
368
386
728
369
387
729
370
388
730
371
389
731
372
390
732
373
391
733
374
392
734
375
393
735
376
394
736
377
395
737
378
396
738
379
397
739
398
740
381
399
741
382
400
742
383
401
743
384
402
744
385
403
745
386
404
746
387
405
747
388
406
748
389
407
749
390
408
750
391
409
751
392
410
752
393
411
753
394
412
754
395
413
755
396
414
756
397
415
757
398
416
758
417
759
400
418
760
401
419
761
402
420
762
403
421
763
404
422
764
405
423
765
406
424
766
407
425
767
408
426
768
409
427
769
410
428
770
411
429
771
412
430
772
413
431
773
414
432
774
415
433
775
416
434
776
417
435
777
436
778
419
437
779
420
438
780
421
439
781
422
440
782
423
441
783
424
442
784
425
443
785
426
444
786
427
445
787
428
446
788
429
447
789
430
448
790
431
449
791
432
450
792
433
451
793
434
452
794
435
453
795
436
454
796
455
797
438
456
798
439
457
799
440
458
800
441
459
801
442
460
802
443
461
803
444
462
804
445
463
805
446
464
806
447
465
807
448
466
808
449
467
809
450
468
810
451
469
811
452
470
812
453
471
813
454
472
814
455
473
815
474
816
457
475
817
458
476
818
459
477
819
460
478
820
461
479
821
462
480
822
463
481
823
464
482
824
465
483
825
466
484
826
467
485
827
468
486
828
469
487
829
470
488
830
471
489
831
472
490
832
473
491
833
474
492
834
493
835
476
494
836
477
495
837
478
496
838
479
497
839
480
498
840
481
499
841
482
500
842
483
501
843
484
502
844
485
503
845
486
504
846
487
505
847
488
506
848
489
507
849
490
508
850
491
509
851
492
510
852
493
511
853
512
854
495
513
855
496
514
856
497
515
857
498
516
858
499
517
859
500
518
860
501
519
861
502
520
862
503
521
863
504
522
864
505
523
865
506
524
866
507
525
867
508
526
868
509
527
869
510
528
870
511
529
871
512
530
872
531
873
514
532
874
515
533
875
516
534
876
517
535
877
518
536
878
519
537
879
520
538
880
521
539
881
522
540
882
523
541
883
524
542
884
525
543
885
526
544
886
527
545
887
528
546
888
529
547
889
530
548
890
531
549
891
550
892
533
551
893
534
552
894
535
553
895
536
554
896
537
555
897
538
556
898
539
557
899
540
558
900
541
559
901
542
560
902
543
561
903
544
562
904
545
563
905
546
564
906
547
565
907
548
566
908
549
567
909
550
568
910
569
911
552
570
912
553
571
913
554
572
914
555
573
915
556
574
916
557
575
917
558
576
918
559
577
919
560
578
920
561
579
921
562
580
922
563
581
923
564
582
924
565
583
925
566
584
926
567
585
927
568
586
928
569
587
929
588
930
571
589
931
572
590
932
573
591
933
574
592
934
575
593
935
576
594
936
577
595
937
578
596
938
579
597
939
580
598
940
581
599
941
582
600
942
583
601
943
584
602
944
585
603
945
586
604
946
587
605
947
588
606
948
607
949
590
608
950
591
609
951
592
610
952
593
611
953
594
612
954
595
613
955
596
614
956
597
615
957
598
616
958
599
617
959
600
618
960
601
619
961
602
620
962
603
621
963
604
622
964
605
623
965
606
624
966
607
625
967
626
968
609
627
969
610
628
970
611
629
971
612
630
972
613
631
973
614
632
974
615
633
975
616
634
976
617
635
977
618
636
978
619
637
979
620
638
980
621
639
981
622
640
982
623
641
983
624
642
984
625
643
985
626
644
986
645
987
628
646
988
629
647
989
630
648
990
631
649
991
632
650
992
633
651
993
634
652
994
635
653
995
636
654
996
637
655
997
638
656
998
639
657
999
640
658
1000
641
659
1001
642
660
1002
643
661
1003
644
662
1004
645
663
1005
664
1006
647
665
1007
648
666
1008
649
667
1009
650
668
1010
651
669
1011
652
670
1012
653
671
1013
654
672
1014
655
673
1015
656
674
1016
657
675
1017
658
676
1018
659
677
1019
660
678
1020
661
679
1021
662
680
1022
663
681
1023
664
682
1024
683
1025
666
684
1026
667
685
1027
668
686
1028
669
687
1029
670
688
1030
671
689
1031
672
690
1032
673
691
1033
674
692
1034
675
693
1035
676
694
1036
677
695
1037
678
696
1038
679
697
1039
680
698
1040
681
699
1041
682
700
1042
683
701
1043
702
1044
685
703
1045
686
704
1046
687
705
1047
688
706
1048
689
707
1049
690
708
1050
691
709
1051
692
710
1052
693
711
1053
694
712
1054
695
713
1055
696
714
1056
697
715
1057
698
716
1058
699
717
1059
700
718
1060
701
719
1061
702
720
1062
721
1063
704
1064
705
1065
706
1066
707
1067
708
1068
709
1069
710
1070
711
1071
712
1072
713
1073
714
1074
715
1075
716
1076
717
1077
718
1078
719
1079
720
1080
721
1081
1082
723
741
1083
724
742
1084
725
743
1085
726
744
1086
727
745
1087
728
746
1088
729
747
1089
730
748
1090
731
749
1091
732
750
1092
733
751
1093
734
752
1094
735
753
1095
736
754
1096
737
755
1097
738
756
1098
739
757
1099
740
758
1100
759
1101
742
760
1102
743
761
1103
744
762
1104
745
763
1105
746
764
1106
747
765
1107
748
766
1108
749
767
1109
750
768
1110
751
769
1111
752
770
1112
753
771
1113
754
772
1114
755
773
1115
756
774
1116
757
775
1117
758
776
1118
759
777
1119
778
1120
761
779
1121
762
780
1122
763
781
1123
764
782
1124
765
783
1125
766
784
1126
767
785
1127
768
786
1128
769
787
1129
770
788
1130
771
789
1131
772
790
1132
773
791
1133
774
792
1134
775
793
1135
776
794
1136
777
795
1137
778
796
1138
797
1139
780
798
1140
781
799
1141
782
800
1142
783
801
1143
784
802
1144
785
803
1145
786
804
1146
787
805
1147
788
806
1148
789
807
1149
790
808
1150
791
809
1151
792
810
1152
793
811
1153
794
812
1154
795
813
1155
796
814
1156
797
815
1157
816
1158
799
817
1159
800
818
1160
801
819
1161
802
820
1162
803
821
1163
804
822
1164
805
823
1165
806
824
1166
807
825
1167
808
826
1168
809
827
1169
810
828
1170
811
829
1171
812
830
1172
813
831
1173
814
832
1174
815
833
1175
816
834
1176
835
1177
818
836
1178
819
837
1179
820
838
1180
821
839
1181
822
840
1182
823
841
1183
824
842
1184
825
843
1185
826
844
1186
827
845
1187
828
846
1188
829
847
1189
830
848
1190
831
849
1191
832
850
1192
833
851
1193
834
852
1194
835
853
1195
854
1196
837
855
1197
838
856
1198
839
857
1199
840
858
1200
841
859
1201
842
860
1202
843
861
1203
844
862
1204
845
863
1205
846
864
1206
847
865
1207
848
866
1208
849
867
1209
850
868
1210
851
869
1211
852
870
1212
853
871
1213
854
872
1214
873
1215
856
874
1216
857
875
1217
858
876
1218
859
877
1219
860
878
1220
861
879
1221
862
880
1222
863
881
1223
864
882
1224
865
883
1225
866
884
1226
867
885
1227
868
886
1228
869
887
1229
870
888
1230
871
889
1231
872
890
1232
873
891
1233
892
1234
875
893
1235
876
894
1236
877
895
1237
878
896
1238
879
897
1239
880
898
1240
881
899
1241
882
900
1242
883
901
1243
884
902
1244
885
903
1245
886
904
1246
887
905
1247
888
906
1248
889
907
1249
890
908
1250
891
909
1251
892
910
1252
911
1253
894
912
1254
895
913
1255
896
914
1256
897
915
1257
898
916
1258
899
917
1259
900
918
1260
901
919
1261
902
920
1262
903
921
1263
904
922
1264
905
923
1265
906
924
1266
907
925
1267
908
926
1268
909
927
1269
910
928
1270
911
929
1271
930
1272
913
931
1273
914
932
1274
915
933
1275
916
934
1276
917
935
1277
918
936
1278
919
937
1279
920
938
1280
921
939
1281
922
940
1282
923
941
1283
924
942
1284
925
943
1285
926
944
1286
927
945
1287
928
946
1288
929
947
1289
930
948
1290
949
1291
932
950
1292
933
951
1293
934
952
1294
935
953
1295
936
954
1296
937
955
1297
938
956
1298
939
957
1299
940
958
1300
941
959
1301
942
960
1302
943
961
1303
944
962
1304
945
963
1305
946
964
1306
947
965
1307
948
966
1308
949
967
1309
968
1310
951
969
1311
952
970
1312
953
971
1313
954
972
1314
955
973
1315
956
974
1316
957
975
1317
958
976
1318
959
977
1319
960
978
1320
961
979
1321
962
980
1322
963
981
1323
964
982
1324
965
983
1325
966
984
1326
967
985
1327
968
986
1328
987
1329
970
988
1330
971
989
1331
972
990
1332
973
991
1333
974
992
1334
975
993
1335
976
994
1336
977
995
1337
978
996
1338
979
997
1339
980
998
1340
981
999
1341
982
1000
1342
983
1001
1343
984
1002
1344
985
1003
1345
986
1004
1346
987
1005
1347
1006
1348
989
1007
1349
990
1008
1350
991
1009
1351
992
1010
1352
993
1011
1353
994
1012
1354
995
1013
1355
996
1014
1356
997
1015
1357
998
1016
1358
999
1017
1359
1000
1018
1360
1001
1019
1361
1002
1020
1362
1003
1021
1363
1004
1022
1364
1005
1023
1365
1006
1024
1366
1025
1367
1008
1026
1368
1009
1027
1369
1010
1028
1370
1011
1029
1371
1012
1030
1372
1013
1031
1373
1014
1032
1374
1015
1033
1375
1016
1034
1376
1017
1035
1377
1018
1036
1378
1019
1037
1379
1020
1038
1380
1021
1039
1381
1022
1040
1382
1023
1041
1383
1024
1042
1384
1025
1043
1385
1044
1386
1027
1045
1387
1028
1046
1388
1029
1047
1389
1030
1048
1390
1031
1049
1391
1032
1050
1392
1033
1051
1393
1034
1052
1394
1035
1053
1395
1036
1054
1396
1037
1055
1397
1038
1056
1398
1039
1057
1399
1040
1058
1400
1041
1059
1401
1042
1060
1402
1043
1061
1403
1044
1062
1404
1063
1405
1046
1064
1406
1047
1065
1407
1048
1066
1408
1049
1067
1409
1050
1068
1410
1051
1069
1411
1052
1070
1412
1053
1071
1413
1054
1072
1414
1055
1073
1415
1056
1074
1416
1057
1075
1417
1058
1076
1418
1059
1077
1419
1060
1078
1420
1061
1079
1421
1062
1080
1422
1063
1081
1423
1082
1424
1065
1425
1066
1426
1067
1427
1068
1428
1069
1429
1070
1430
1071
1431
1072
1432
1073
1433
1074
1434
1075
1435
1076
1436
1077
1437
1078
1438
1079
1439
1080
1440
1081
1441
1082
1442
1443
1084
1102
1444
1085
1103
1445
1086
1104
1446
1087
1105
1447
1088
1106
1448
1089
1107
1449
1090
1108
1450
1091
1109
1451
1092
1110
1452
1093
1111
1453
1094
1112
1454
1095
1113
1455
1096
1114
1456
1097
1115
1457
1098
1116
1458
1099
1117
1459
1100
1118
1460
1101
1119
1461
1120
1462
1103
1121
1463
1104
1122
1464
1105
1123
1465
1106
1124
1466
1107
1125
1467
1108
1126
1468
1109
1127
1469
1110
1128
1470
1111
1129
1471
1112
1130
1472
1113
1131
1473
1114
1132
1474
1115
1133
1475
1116
1134
1476
1117
1135
1477
1118
1136
1478
1119
1137
1479
1120
1138
1480
1139
1481
1122
1140
1482
1123
1141
1483
1124
1142
1484
1125
1143
1485
1126
1144
1486
1127
1145
1487
1128
1146
1488
1129
1147
1489
1130
1148
1490
1131
1149
1491
1132
1150
1492
1133
1151
1493
1134
1152
1494
1135
1153
1495
1136
1154
1496
1137
1155
1497
1138
1156
1498
1139
1157
1499
1158
1500
1141
1159
1501
1142
1160
1502
1143
1161
1503
1144
1162
1504
1145
1163
1505
1146
1164
1506
1147
1165
1507
1148
1166
1508
1149
1167
1509
1150
1168
1510
1151
1169
1511
1152
1170
1512
1153
1171
1513
1154
1172
1514
1155
1173
1515
1156
1174
1516
1157
1175
1517
1158
1176
1518
1177
1519
1160
1178
1520
1161
1179
1521
1162
1180
1522
1163
1181
1523
1164
1182
1524
1165
1183
1525
1166
1184
1526
1167
1185
1527
1168
1186
1528
1169
1187
1529
1170
1188
1530
1171
1189
1531
1172
1190
1532
1173
1191
1533
1174
1192
1534
1175
1193
1535
1176
1194
1536
1177
1195
1537
1196
1538
1179
1197
1539
1180
1198
1540
1181
1199
1541
1182
1200
1542
1183
1201
1543
1184
1202
1544
1185
1203
1545
1186
1204
1546
1187
1205
1547
1188
1206
1548
1189
1207
1549
1190
1208
1550
1191
1209
1551
1192
1210
1552
1193
1211
1553
1194
1212
1554
1195
1213
1555
1196
1214
1556
1215
1557
1198
1216
1558
1199
1217
1559
1200
1218
1560
1201
1219
1561
1202
1220
1562
1203
1221
1563
1204
1222
1564
1205
1223
1565
1206
1224
1566
1207
1225
1567
1208
1226
1568
1209
1227
1569
1210
1228
1570
1211
1229
1571
1212
1230
1572
1213
1231
1573
1214
1232
1574
1215
1233
1575
1234
1576
1217
1235
1577
1218
1236
1578
1219
1237
1579
1220
1238
1580
1221
1239
1581
1222
1240
1582
1223
1241
1583
1224
1242
1584
1225
1243
1585
1226
1244
1586
1227
1245
1587
1228
1246
1588
1229
1247
1589
1230
1248
1590
1231
1249
1591
1232
1250
1592
1233
1251
1593
1234
1252
1594
1253
1595
1236
1254
1596
1237
1255
1597
1238
1256
1598
1239
1257
1599
1240
1258
1600
1241
1259
1601
1242
1260
1602
1243
1261
1603
1244
1262
1604
1245
1263
1605
1246
1264
1606
1247
1265
1607
1248
1266
1608
1249
1267
1609
1250
1268
1610
1251
1269
1611
1252
1270
1612
1253
1271
1613
1272
1614
1255
1273
1615
1256
1274
1616
1257
1275
1617
1258
1276
1618
1259
1277
1619
1260
1278
1620
1261
1279
1621
1262
1280
1622
1263
1281
1623
1264
1282
1624
1265
1283
1625
1266
1284
1626
1267
1285
1627
1268
1286
1628
1269
1287
1629
1270
1288
1630
1271
1289
1631
1272
1290
1632
1291
1633
1274
1292
1634
1275
1293
1635
1276
1294
1636
1277
1295
1637
1278
1296
1638
1279
1297
1639
1280
1298
1640
1281
1299
1641
1282
1300
1642
1283
1301
1643
1284
1302
1644
1285
1303
1645
1286
1304
1646
1287
1305
1647
1288
1306
1648
1289
1307
1649
1290
1308
1650
1291
1309
1651
1310
1652
1293
1311
1653
1294
1312
1654
1295
1313
1655
1296
1314
1656
1297
1315
1657
1298
1316
1658
1299
1317
1659
1300
1318
1660
1301
1319
1661
1302
1320
1662
1303
1321
1663
1304
1322
1664
1305
1323
1665
1306
1324
1666
1307
1325
1667
1308
1326
1668
1309
1327
1669
1310
1328
1670
1329
1671
1312
1330
1672
1313
1331
1673
1314
1332
1674
1315
1333
1675
1316
1334
1676
1317
1335
1677
1318
1336
1678
1319
1337
1679
1320
1338
1680
1321
1339
1681
1322
1340
1682
1323
1341
1683
1324
1342
1684
1325
1343
1685
1326
1344
1686
1327
1345
1687
1328
1346
1688
1329
1347
1689
1348
1690
1331
1349
1691
1332
1350
1692
1333
1351
1693
1334
1352
1694
1335
1353
1695
1336
1354
1696
1337
1355
1697
1338
1356
1698
1339
1357
1699
1340
1358
1700
1341
1359
1701
1342
1360
1702
1343
1361
1703
1344
1362
1704
1345
1363
1705
1346
1364
1706
1347
1365
1707
1348
1366
1708
1367
1709
1350
1368
1710
1351
1369
1711
1352
1370
1712
1353
1371
1713
1354
1372
1714
1355
1373
1715
1356
1374
1716
1357
1375
1717
1358
1376
1718
1359
1377
1719
1360
1378
1720
1361
1379
1721
1362
1380
1722
1363
1381
1723
1364
1382
1724
1365
1383
1725
1366
1384
1726
1367
1385
1727
1386
1728
1369
1387
1729
1370
1388
1730
1371
1389
1731
1372
1390
1732
1373
1391
1733
1374
1392
1734
1375
1393
1735
1376
1394
1736
1377
1395
1737
1378
1396
1738
1379
1397
1739
1380
1398
1740
1381
1399
1741
1382
1400
1742
1383
1401
1743
1384
1402
1744
1385
1403
1745
1386
1404
1746
1405
1747
1388
1406
1748
1389
1407
1749
1390
1408
1750
1391
1409
1751
1392
1410
1752
1393
1411
1753
1394
1412
1754
1395
1413
1755
1396
1414
1756
1397
1415
1757
1398
1416
1758
1399
1417
1759
1400
1418
1760
1401
1419
1761
1402
1420
1762
1403
1421
1763
1404
1422
1764
1405
1423
1765
1424
1766
1407
1425
1767
1408
1426
1768
1409
1427
1769
1410
1428
1770
1411
1429
1771
1412
1430
1772
1413
1431
1773
1414
1432
1774
1415
1433
1775
1416
1434
1776
1417
1435
1777
1418
1436
1778
1419
1437
1779
1420
1438
1780
1421
1439
1781
1422
1440
1782
1423
1441
1783
1424
1442
1784
1443
1785
1426
1786
1427
1787
1428
1788
1429
1789
1430
1790
1431
1791
1432
1792
1433
1793
1434
1794
1435
1795
1436
1796
1437
1797
1438
1798
1439
1799
1440
1800
1441
1801
1442
1802
1443
1803
1804
1445
1463
1805
1446
1464
1806
1447
1465
1807
1448
1466
1808
1449
1467
1809
1450
1468
1810
1451
1469
1811
1452
1470
1812
1453
1471
1813
1454
1472
1814
1455
1473
1815
1456
1474
1816
1457
1475
1817
1458
1476
1818
1459
1477
1819
1460
1478
1820
1461
1479
1821
1462
1480
1822
1481
1823
1464
1482
1824
1465
1483
1825
1466
1484
1826
1467
1485
1827
1468
1486
1828
1469
1487
1829
1470
1488
1830
1471
1489
1831
1472
1490
1832
1473
1491
1833
1474
1492
1834
1475
1493
1835
1476
1494
1836
1477
1495
1837
1478
1496
1838
1479
1497
1839
1480
1498
1840
1481
1499
1841
1500
1842
1483
1501
1843
1484
1502
1844
1485
1503
1845
1486
1504
1846
1487
1505
1847
1488
1506
1848
1489
1507
1849
1490
1508
1850
1491
1509
1851
1492
1510
1852
1493
1511
1853
1494
1512
1854
1495
1513
1855
1496
1514
1856
1497
1515
1857
1498
1516
1858
1499
1517
1859
1500
1518
1860
1519
1861
1502
1520
1862
1503
1521
1863
1504
1522
1864
1505
1523
1865
1506
1524
1866
1507
1525
1867
1508
1526
1868
1509
1527
1869
1510
1528
1870
1511
1529
1871
1512
1530
1872
1513
1531
1873
1514
1532
1874
1515
1533
1875
1516
1534
1876
1517
1535
1877
1518
1536
1878
1519
1537
1879
1538
1880
1521
1539
1881
1522
1540
1882
1523
1541
1883
1524
1542
1884
1525
1543
1885
1526
1544
1886
1527
1545
1887
1528
1546
1888
1529
1547
1889
1530
1548
1890
1531
1549
1891
1532
1550
1892
1533
1551
1893
1534
1552
1894
1535
1553
1895
1536
1554
1896
1537
1555
1897
1538
1556
1898
1557
1899
1540
1558
1900
1541
1559
1901
1542
1560
1902
1543
1561
1903
1544
1562
1904
1545
1563
1905
1546
1564
1906
1547
1565
1907
1548
1566
1908
1549
1567
1909
1550
1568
1910
1551
1569
1911
1552
1570
1912
1553
1571
1913
1554
1572
1914
1555
1573
1915
1556
1574
1916
1557
1575
1917
1576
1918
1559
1577
1919
1560
1578
1920
1561
1579
1921
1562
1580
1922
1563
1581
1923
1564
1582
1924
1565
1583
1925
1566
1584
1926
1567
1585
1927
1568
1586
1928
1569
1587
1929
1570
1588
1930
1571
1589
1931
1572
1590
1932
1573
1591
1933
1574
1592
1934
1575
1593
1935
1576
1594
1936
1595
1937
1578
1596
1938
1579
1597
1939
1580
1598
1940
1581
1599
1941
1582
1600
1942
1583
1601
1943
1584
1602
1944
1585
1603
1945
1586
1604
1946
1587
1605
1947
1588
1606
1948
1589
1607
1949
1590
1608
1950
1591
1609
1951
1592
1610
1952
1593
1611
1953
1594
1612
1954
1595
1613
1955
1614
1956
1597
1615
1957
1598
1616
1958
1599
1617
1959
1600
1618
1960
1601
1619
1961
1602
1620
1962
1603
1621
1963
1604
1622
1964
1605
1623
1965
1606
1624
1966
1607
1625
1967
1608
1626
1968
1609
1627
1969
1610
1628
1970
1611
1629
1971
1612
1630
1972
1613
1631
1973
1614
1632
1974
1633
1975
1616
1634
1976
1617
1635
1977
1618
1636
1978
1619
1637
1979
1620
1638
1980
1621
1639
1981
1622
1640
1982
1623
1641
1983
1624
1642
1984
1625
1643
1985
1626
1644
1986
1627
1645
1987
1628
1646
1988
1629
1647
1989
1630
1648
1990
1631
1649
1991
1632
1650
1992
1633
1651
1993
1652
1994
1635
1653
1995
1636
1654
1996
1637
1655
1997
1638
1656
1998
1639
1657
1999
1640
1658
2000
1641
1659
2001
1642
1660
2002
1643
1661
2003
1644
1662
2004
1645
1663
2005
1646
1664
2006
1647
1665
2007
1648
1666
2008
1649
1667
2009
1650
1668
2010
1651
1669
2011
1652
1670
2012
1671
2013
1654
1672
2014
1655
1673
2015
1656
1674
2016
1657
1675
2017
1658
1676
2018
1659
1677
2019
1660
1678
2020
1661
1679
2021
1662
1680
2022
1663
1681
2023
1664
1682
2024
1665
1683
2025
1666
1684
2026
1667
1685
2027
1668
1686
2028
1669
1687
2029
1670
1688
2030
1671
1689
2031
1690
2032
1673
1691
2033
1674
1692
2034
1675
1693
2035
1676
1694
2036
1677
1695
2037
1678
1696
2038
1679
1697
2039
1680
1698
2040
1681
1699
2041
1682
1700
2042
1683
1701
2043
1684
1702
2044
1685
1703
2045
1686
1704
2046
1687
1705
2047
1688
1706
2048
1689
1707
2049
1690
1708
2050
1709
2051
1692
1710
2052
1693
1711
2053
1694
1712
2054
1695
1713
2055
1696
1714
2056
1697
1715
2057
1698
1716
2058
1699
1717
2059
1700
1718
2060
1701
1719
2061
1702
1720
2062
1703
1721
2063
1704
1722
2064
1705
1723
2065
1706
1724
2066
1707
1725
2067
1708
1726
2068
1709
1727
2069
1728
2070
1711
1729
2071
1712
1730
2072
1713
1731
2073
1714
1732
2074
1715
1733
2075
1716
1734
2076
1717
1735
2077
1718
1736
2078
1719
1737
2079
1720
1738
2080
1721
1739
2081
1722
1740
2082
1723
1741
2083
1724
1742
2084
1725
1743
2085
1726
1744
2086
1727
1745
2087
1728
1746
2088
1747
2089
1730
1748
2090
1731
1749
2091
1732
1750
2092
1733
1751
2093
1734
1752
2094
1735
1753
2095
1736
1754
2096
1737
1755
2097
1738
1756
2098
1739
1757
2099
1740
1758
2100
1741
1759
2101
1742
1760
2102
1743
1761
2103
1744
1762
2104
1745
1763
2105
1746
1764
2106
1747
1765
2107
1766
2108
1749
1767
2109
1750
1768
2110
1751
1769
2111
1752
1770
2112
1753
1771
2113
1754
1772
2114
1755
1773
2115
1756
1774
2116
1757
1775
2117
1758
1776
2118
1759
1777
2119
1760
1778
2120
1761
1779
2121
1762
1780
2122
1763
1781
2123
1764
1782
2124
1765
1783
2125
1766
1784
2126
1785
2127
1768
1786
2128
1769
1787
2129
1770
1788
2130
1771
1789
2131
1772
1790
2132
1773
1791
2133
1774
1792
2134
1775
1793
2135
1776
1794
2136
1777
1795
2137
1778
1796
2138
1779
1797
2139
1780
1798
2140
1781
1799
2141
1782
1800
2142
1783
1801
2143
1784
1802
2144
1785
1803
2145
1804
2146
1787
2147
1788
2148
1789
2149
1790
2150
1791
2151
1792
2152
1793
2153
1794
2154
1795
2155
1796
2156
1797
2157
1798
2158
1799
2159
1800
2160
1801
2161
1802
2162
1803
2163
1804
2164
2165
1806
1824
2166
1807
1825
2167
1808
1826
2168
1809
1827
2169
1810
1828
2170
1811
1829
2171
1812
1830
2172
1813
1831
2173
1814
1832
2174
1815
1833
2175
1816
1834
2176
1817
1835
2177
1818
1836
2178
1819
1837
2179
1820
1838
2180
1821
1839
2181
1822
1840
2182
1823
1841
2183
1842
2184
1825
1843
2185
1826
1844
2186
1827
1845
2187
1828
1846
2188
1829
1847
2189
1830
1848
2190
1831
1849
2191
1832
1850
2192
1833
1851
2193
1834
1852
2194
1835
1853
2195
1836
1854
2196
1837
1855
2197
1838
1856
2198
1839
1857
2199
1840
1858
2200
1841
1859
2201
1842
1860
2202
1861
2203
1844
1862
2204
1845
1863
2205
1846
1864
2206
1847
1865
2207
1848
1866
2208
1849
1867
2209
1850
1868
2210
1851
1869
2211
1852
1870
2212
1853
1871
2213
1854
1872
2214
1855
1873
2215
1856
1874
2216
1857
1875
2217
1858
1876
2218
1859
1877
2219
1860
1878
2220
1861
1879
2221
1880
2222
1863
1881
2223
1864
1882
2224
1865
1883
2225
1866
1884
2226
1867
1885
2227
1868
1886
2228
1869
1887
2229
1870
1888
2230
1871
1889
2231
1872
1890
2232
1873
1891
2233
1874
1892
2234
1875
1893
2235
1876
1894
2236
1877
1895
2237
1878
1896
2238
1879
1897
2239
1880
1898
2240
1899
2241
1882
1900
2242
1883
1901
2243
1884
1902
2244
1885
1903
2245
1886
1904
2246
1887
1905
2247
1888
1906
2248
1889
1907
2249
1890
1908
2250
1891
1909
2251
1892
1910
2252
1893
1911
2253
1894
1912
2254
1895
1913
2255
1896
1914
2256
1897
1915
2257
1898
1916
2258
1899
1917
2259
1918
2260
1901
1919
2261
1902
1920
2262
1903
1921
2263
1904
1922
2264
1905
1923
2265
1906
1924
2266
1907
1925
2267
1908
1926
2268
1909
1927
2269
1910
1928
2270
1911
1929
2271
1912
1930
2272
1913
1931
2273
1914
1932
2274
1915
1933
2275
1916
1934
2276
1917
1935
2277
1918
1936
2278
1937
2279
1920
1938
2280
1921
1939
2281
1922
1940
2282
1923
1941
2283
1924
1942
2284
1925
1943
2285
1926
1944
2286
1927
1945
2287
1928
1946
2288
1929
1947
2289
1930
1948
2290
1931
1949
2291
1932
1950
2292
1933
1951
2293
1934
1952
2294
1935
1953
2295
1936
1954
2296
1937
1955
2297
1956
2298
1939
1957
2299
1940
1958
2300
1941
1959
2301
1942
1960
2302
1943
1961
2303
1944
1962
2304
1945
1963
2305
1946
1964
2306
1947
1965
2307
1948
1966
2308
1949
1967
2309
1950
1968
2310
1951
1969
2311
1952
1970
2312
1953
1971
2313
1954
1972
2314
1955
1973
2315
1956
1974
2316
1975
2317
1958
1976
2318
1959
1977
2319
1960
1978
2320
1961
1979
2321
1962
1980
2322
1963
1981
2323
1964
1982
2324
1965
1983
2325
1966
1984
2326
1967
1985
2327
1968
1986
2328
1969
1987
2329
1970
1988
2330
1971
1989
2331
1972
1990
2332
1973
1991
2333
1974
1992
2334
1975
1993
2335
1994
2336
1977
1995
2337
1978
1996
2338
1979
1997
2339
1980
1998
2340
1981
1999
2341
1982
2000
2342
1983
2001
2343
1984
2002
2344
1985
2003
2345
1986
2004
2346
1987
2005
2347
1988
2006
2348
1989
2007
2349
1990
2008
2350
1991
2009
2351
1992
2010
2352
1993
2011
2353
1994
2012
2354
2013
2355
1996
2014
2356
1997
2015
2357
1998
2016
2358
1999
2017
2359
2000
2018
2360
2001
2019
2361
2002
2020
2362
2003
2021
2363
2004
2022
2364
2005
2023
2365
2006
2024
2366
2007
2025
2367
2008
2026
2368
2009
2027
2369
2010
2028
2370
2011
2029
2371
2012
2030
2372
2013
2031
2373
2032
2374
2015
2033
2375
2016
2034
2376
2017
2035
2377
2018
2036
2378
2019
2037
2379
2020
2038
2380
2021
2039
2381
2022
2040
2382
2023
2041
2383
2024
2042
2384
2025
2043
2385
2026
2044
2386
2027
2045
2387
2028
2046
2388
2029
2047
2389
2030
2048
2390
2031
2049
2391
2032
2050
2392
2051
2393
2034
2052
2394
2035
2053
2395
2036
2054
2396
2037
2055
2397
2038
2056
2398
2039
2057
2399
2040
2058
2400
2041
2059
2401
2042
2060
2402
2043
2061
2403
2044
2062
2404
2045
2063
2405
2046
2064
2406
2047
2065
2407
2048
2066
2408
2049
2067
2409
2050
2068
2410
2051
2069
2411
2070
2412
2053
2071
2413
2054
2072
2414
2055
2073
2415
2056
2074
2416
2057
2075
2417
2058
2076
2418
2059
2077
2419
2060
2078
2420
2061
2079
2421
2062
2080
2422
2063
2081
2423
2064
2082
2424
2065
2083
2425
2066
2084
2426
2067
2085
2427
2068
2086
2428
2069
2087
2429
2070
2088
2430
2089
2431
2072
2090
2432
2073
2091
2433
2074
2092
2434
2075
2093
2435
2076
2094
2436
2077
2095
2437
2078
2096
2438
2079
2097
2439
2080
2098
2440
2081
2099
2441
2082
2100
2442
2083
2101
2443
2084
2102
2444
2085
2103
2445
2086
2104
2446
2087
2105
2447
2088
2106
2448
2089
2107
2449
2108
2450
2091
2109
2451
2092
2110
2452
2093
2111
2453
2094
2112
2454
2095
2113
2455
2096
2114
2456
2097
2115
2457
2098
2116
2458
2099
2117
2459
2100
2118
2460
2101
2119
2461
2102
2120
2462
2103
2121
2463
2104
2122
2464
2105
2123
2465
2106
2124
2466
2107
2125
2467
2108
2126
2468
2127
2469
2110
2128
2470
2111
2129
2471
2112
2130
2472
2113
2131
2473
2114
2132
2474
2115
2133
2475
2116
2134
2476
2117
2135
2477
2118
2136
2478
2119
2137
2479
2120
2138
2480
2121
2139
2481
2122
2140
2482
2123
2141
2483
2124
2142
2484
2125
2143
2485
2126
2144
2486
2127
2145
2487
2146
2488
2129
2147
2489
2130
2148
2490
2131
2149
2491
2132
2150
2492
2133
2151
2493
2134
2152
2494
2135
2153
2495
2136
2154
2496
2137
2155
2497
2138
2156
2498
2139
2157
2499
2140
2158
2500
2141
2159
2501
2142
2160
2502
2143
2161
2503
2144
2162
2504
2145
2163
2505
2146
2164
2506
2165
2507
2148
2508
2149
2509
2150
2510
2151
2511
2152
2512
2153
2513
2154
2514
2155
2515
2156
2516
2157
2517
2158
2518
2159
2519
2160
2520
2161
2521
2162
2522
2163
2523
2164
2524
2165
2525
2526
2167
2185
2527
2168
2186
2528
2169
2187
2529
2170
2188
2530
2171
2189
2531
2172
2190
2532
2173
2191
2533
2174
2192
2534
2175
2193
2535
2176
2194
2536
2177
2195
2537
2178
2196
2538
2179
2197
2539
2180
2198
2540
2181
2199
2541
2182
2200
2542
2183
2201
2543
2184
2202
2544
2203
2545
2186
2204
2546
2187
2205
2547
2188
2206
2548
2189
2207
2549
2190
2208
2550
2191
2209
2551
2192
2210
2552
2193
2211
2553
2194
2212
2554
2195
2213
2555
2196
2214
2556
2197
2215
2557
2198
2216
2558
2199
2217
2559
2200
2218
2560
2201
2219
2561
2202
2220
2562
2203
2221
2563
2222
2564
2205
2223
2565
2206
2224
2566
2207
2225
2567
2208
2226
2568
2209
2227
2569
2210
2228
2570
2211
2229
2571
2212
2230
2572
2213
2231
2573
2214
2232
2574
2215
2233
2575
2216
2234
2576
2217
2235
2577
2218
2236
2578
2219
2237
2579
2220
2238
2580
2221
2239
2581
2222
2240
2582
2241
2583
2224
2242
2584
2225
2243
2585
2226
2244
2586
2227
2245
2587
2228
2246
2588
2229
2247
2589
2230
2248
2590
2231
2249
2591
2232
2250
2592
2233
2251
2593
2234
2252
2594
2235
2253
2595
2236
2254
2596
2237
2255
2597
2238
2256
2598
2239
2257
2599
2240
2258
2600
2241
2259
2601
2260
2602
2243
2261
2603
2244
2262
2604
2245
2263
2605
2246
2264
2606
2247
2265
2607
2248
2266
2608
2249
2267
2609
2250
2268
2610
2251
2269
2611
2252
2270
2612
2253
2271
2613
2254
2272
2614
2255
2273
2615
2256
2274
2616
2257
2275
2617
2258
2276
2618
2259
2277
2619
2260
2278
2620
2279
2621
2262
2280
2622
2263
2281
2623
2264
2282
2624
2265
2283
2625
2266
2284
2626
2267
2285
2627
2268
2286
2628
2269
2287
2629
2270
2288
2630
2271
2289
2631
2272
2290
2632
2273
2291
2633
2274
2292
2634
2275
2293
2635
2276
2294
2636
2277
2295
2637
2278
2296
2638
2279
2297
2639
2298
2640
2281
2299
2641
2282
2300
2642
2283
2301
2643
2284
2302
2644
2285
2303
2645
2286
2304
2646
2287
2305
2647
2288
2306
2648
2289
2307
2649
2290
2308
2650
2291
2309
2651
2292
2310
2652
2293
2311
2653
2294
2312
2654
2295
2313
2655
2296
2314
2656
2297
2315
2657
2298
2316
2658
2317
2659
2300
2318
2660
2301
2319
2661
2302
2320
2662
2303
2321
2663
2304
2322
2664
2305
2323
2665
2306
2324
2666
2307
2325
2667
2308
2326
2668
2309
2327
2669
2310
2328
2670
2311
2329
2671
2312
2330
2672
2313
2331
2673
2314
2332
2674
2315
2333
2675
2316
2334
2676
2317
2335
2677
2336
2678
2319
2337
2679
2320
2338
2680
2321
2339
2681
2322
2340
2682
2323
2341
2683
2324
2342
2684
2325
2343
2685
2326
2344
2686
2327
2345
2687
2328
2346
2688
2329
2347
2689
2330
2348
2690
2331
2349
2691
2332
2350
2692
2333
2351
2693
2334
2352
2694
2335
2353
2695
2336
2354
2696
2355
2697
2338
2356
2698
2339
2357
2699
2340
2358
2700
2341
2359
2701
2342
2360
2702
2343
2361
2703
2344
2362
2704
2345
2363
2705
2346
2364
2706
2347
2365
2707
2348
2366
2708
2349
2367
2709
2350
2368
2710
2351
2369
2711
2352
2370
2712
2353
2371
2713
2354
2372
2714
2355
2373
2715
2374
2716
2357
2375
2717
2358
2376
2718
2359
2377
2719
2360
2378
2720
2361
2379
2721
2362
2380
2722
2363
2381
2723
2364
2382
2724
2365
2383
2725
2366
2384
2726
2367
2385
2727
2368
2386
2728
2369
2387
2729
2370
2388
2730
2371
2389
2731
2372
2390
2732
2373
2391
2733
2374
2392
2734
2393
2735
2376
2394
2736
2377
2395
2737
2378
2396
2738
2379
2397
2739
2380
2398
2740
2381
2399
2741
2382
2400
2742
2383
2401
2743
2384
2402
2744
2385
2403
2745
2386
2404
2746
2387
2405
2747
2388
2406
2748
2389
2407
2749
2390
2408
2750
2391
2409
2751
2392
2410
2752
2393
2411
2753
2412
2754
2395
2413
2755
2396
2414
2756
2397
2415
2757
2398
2416
2758
2399
2417
2759
2400
2418
2760
2401
2419
2761
2402
2420
2762
2403
2421
2763
2404
2422
2764
2405
2423
2765
2406
2424
2766
2407
2425
2767
2408
2426
2768
2409
2427
2769
2410
2428
2770
2411
2429
2771
2412
2430
2772
2431
2773
2414
2432
2774
2415
2433
2775
2416
2434
2776
2417
2435
2777
2418
2436
2778
2419
2437
2779
2420
2438
2780
2421
2439
2781
2422
2440
2782
2423
2441
2783
2424
2442
2784
2425
2443
2785
2426
2444
2786
2427
2445
2787
2428
2446
2788
2429
2447
2789
2430
2448
2790
2431
2449
2791
2450
2792
2433
2451
2793
2434
2452
2794
2435
2453
2795
2436
2454
2796
2437
2455
2797
2438
2456
2798
2439
2457
2799
2440
2458
2800
2441
2459
2801
2442
2460
2802
2443
2461
2803
2444
2462
2804
2445
2463
2805
2446
2464
2806
2447
2465
2807
2448
2466
2808
2449
2467
2809
2450
2468
2810
2469
2811
2452
2470
2812
2453
2471
2813
2454
2472
2814
2455
2473
2815
2456
2474
2816
2457
2475
2817
2458
2476
2818
2459
2477
2819
2460
2478
2820
2461
2479
2821
2462
2480
2822
2463
2481
2823
2464
2482
2824
2465
2483
2825
2466
2484
2826
2467
2485
2827
2468
2486
2828
2469
2487
2829
2488
2830
2471
2489
2831
2472
2490
2832
2473
2491
2833
2474
2492
2834
2475
2493
2835
2476
2494
2836
2477
2495
2837
2478
2496
2838
2479
2497
2839
2480
2498
2840
2481
2499
2841
2482
2500
2842
2483
2501
2843
2484
2502
2844
2485
2503
2845
2486
2504
2846
2487
2505
2847
2488
2506
2848
2507
2849
2490
2508
2850
2491
2509
2851
2492
2510
2852
2493
2511
2853
2494
2512
2854
2495
2513
2855
2496
2514
2856
2497
2515
2857
2498
2516
2858
2499
2517
2859
2500
2518
2860
2501
2519
2861
2502
2520
2862
2503
2521
2863
2504
2522
2864
2505
2523
2865
2506
2524
2866
2507
2525
2867
2526
2868
2509
2869
2510
2870
2511
2871
2512
2872
2513
2873
2514
2874
2515
2875
2516
2876
2517
2877
2518
2878
2519
2879
2520
2880
2521
2881
2522
2882
2523
2883
2524
2884
2525
2885
2526
2886
2887
2528
2546
2888
2529
2547
2889
2530
2548
2890
2531
2549
2891
2532
2550
2892
2533
2551
2893
2534
2552
2894
2535
2553
2895
2536
2554
2896
2537
2555
2897
2538
2556
2898
2539
2557
2899
2540
2558
2900
2541
2559
2901
2542
2560
2902
2543
2561
2903
2544
2562
2904
2545
2563
2905
2564
2906
2547
2565
2907
2548
2566
2908
2549
2567
2909
2550
2568
2910
2551
2569
2911
2552
2570
2912
2553
2571
2913
2554
2572
2914
2555
2573
2915
2556
2574
2916
2557
2575
2917
2558
2576
2918
2559
2577
2919
2560
2578
2920
2561
2579
2921
2562
2580
2922
2563
2581
2923
2564
2582
2924
2583
2925
2566
2584
2926
2567
2585
2927
2568
2586
2928
2569
2587
2929
2570
2588
2930
2571
2589
2931
2572
2590
2932
2573
2591
2933
2574
2592
2934
2575
2593
2935
2576
2594
2936
2577
2595
2937
2578
2596
2938
2579
2597
2939
2580
2598
2940
2581
2599
2941
2582
2600
2942
2583
2601
2943
2602
2944
2585
2603
2945
2586
2604
2946
2587
2605
2947
2588
2606
2948
2589
2607
2949
2590
2608
2950
2591
2609
2951
2592
2610
2952
2593
2611
2953
2594
2612
2954
2595
2613
2955
2596
2614
2956
2597
2615
2957
2598
2616
2958
2599
2617
2959
2600
2618
2960
2601
2619
2961
2602
2620
2962
2621
2963
2604
2622
2964
2605
2623
2965
2606
2624
2966
2607
2625
2967
2608
2626
2968
2609
2627
2969
2610
2628
2970
2611
2629
2971
2612
2630
2972
2613
2631
2973
2614
2632
2974
2615
2633
2975
2616
2634
2976
2617
2635
2977
2618
2636
2978
2619
2637
2979
2620
2638
2980
2621
2639
2981
2640
2982
2623
2641
2983
2624
2642
2984
2625
2643
2985
2626
2644
2986
2627
2645
2987
2628
2646
2988
2629
2647
2989
2630
2648
2990
2631
2649
2991
2632
2650
2992
2633
2651
2993
2634
2652
2994
2635
2653
2995
2636
2654
2996
2637
2655
2997
2638
2656
2998
2639
2657
2999
2640
2658
3000
2659
3001
2642
2660
3002
2643
2661
3003
2644
2662
3004
2645
2663
3005
2646
2664
3006
2647
2665
3007
2648
2666
3008
2649
2667
3009
2650
2668
3010
2651
2669
3011
2652
2670
3012
2653
2671
3013
2654
2672
3014
2655
2673
3015
2656
2674
3016
2657
2675
3017
2658
2676
3018
2659
2677
3019
2678
3020
2661
2679
3021
2662
2680
3022
2663
2681
3023
2664
2682
3024
2665
2683
3025
2666
2684
3026
2667
2685
3027
2668
2686
3028
2669
2687
3029
2670
2688
3030
2671
2689
3031
2672
2690
3032
2673
2691
3033
2674
2692
3034
2675
2693
3035
2676
2694
3036
2677
2695
3037
2678
2696
3038
2697
3039
2680
2698
3040
2681
2699
3041
2682
2700
3042
2683
2701
3043
2684
2702
3044
2685
2703
3045
2686
2704
3046
2687
2705
3047
2688
2706
3048
2689
2707
3049
2690
2708
3050
2691
2709
3051
2692
2710
3052
2693
2711
3053
2694
2712
3054
2695
2713
3055
2696
2714
3056
2697
2715
3057
2716
3058
2699
2717
3059
2700
2718
3060
2701
2719
3061
2702
2720
3062
2703
2721
3063
2704
2722
3064
2705
2723
3065
2706
2724
3066
2707
2725
3067
2708
2726
3068
2709
2727
3069
2710
2728
3070
2711
2729
3071
2712
2730
3072
2713
2731
3073
2714
2732
3074
2715
2733
3075
2716
2734
3076
2735
3077
2718
2736
3078
2719
2737
3079
2720
2738
3080
2721
2739
3081
2722
2740
3082
2723
2741
3083
2724
2742
3084
2725
2743
3085
2726
2744
3086
2727
2745
3087
2728
2746
3088
2729
2747
3089
2730
2748
3090
2731
2749
3091
2732
2750
3092
2733
2751
3093
2734
2752
3094
2735
2753
3095
2754
3096
2737
2755
3097
2738
2756
3098
2739
2757
3099
2740
2758
3100
2741
2759
3101
2742
2760
3102
2743
2761
3103
2744
2762
3104
2745
2763
3105
2746
2764
3106
2747
2765
3107
2748
2766
3108
2749
2767
3109
2750
2768
3110
2751
2769
3111
2752
2770
3112
2753
2771
3113
2754
2772
3114
2773
3115
2756
2774
3116
2757
2775
3117
2758
2776
3118
2759
2777
3119
2760
2778
3120
2761
2779
3121
2762
2780
3122
2763
2781
3123
2764
2782
3124
2765
2783
3125
2766
2784
3126
2767
2785
3127
2768
2786
3128
2769
2787
3129
2770
2788
3130
2771
2789
3131
2772
2790
3132
2773
2791
3133
2792
3134
2775
2793
3135
2776
2794
3136
2777
2795
3137
2778
2796
3138
2779
2797
3139
2780
2798
3140
2781
2799
3141
2782
2800
3142
2783
2801
3143
2784
2802
3144
2785
2803
3145
2786
2804
3146
2787
2805
3147
2788
2806
3148
2789
2807
3149
2790
2808
3150
2791
2809
3151
2792
2810
3152
2811
3153
2794
2812
3154
2795
2813
3155
2796
2814
3156
2797
2815
3157
2798
2816
3158
2799
2817
3159
2800
2818
3160
2801
2819
3161
2802
2820
3162
2803
2821
3163
2804
2822
3164
2805
2823
3165
2806
2824
3166
2807
2825
3167
2808
2826
3168
2809
2827
3169
2810
2828
3170
2811
2829
3171
2830
3172
2813
2831
3173
2814
2832
3174
2815
2833
3175
2816
2834
3176
2817
2835
3177
2818
2836
3178
2819
2837
3179
2820
2838
3180
2821
2839
3181
2822
2840
3182
2823
2841
3183
2824
2842
3184
2825
2843
3185
2826
2844
3186
2827
2845
3187
2828
2846
3188
2829
2847
3189
2830
2848
3190
2849
3191
2832
2850
3192
2833
2851
3193
2834
2852
3194
2835
2853
3195
2836
2854
3196
2837
2855
3197
2838
2856
3198
2839
2857
3199
2840
2858
3200
2841
2859
3201
2842
2860
3202
2843
2861
3203
2844
2862
3204
2845
2863
3205
2846
2864
3206
2847
2865
3207
2848
2866
3208
2849
2867
3209
2868
3210
2851
2869
3211
2852
2870
3212
2853
2871
3213
2854
2872
3214
2855
2873
3215
2856
2874
3216
2857
2875
3217
2858
2876
3218
2859
2877
3219
2860
2878
3220
2861
2879
3221
2862
2880
3222
2863
2881
3223
2864
2882
3224
2865
2883
3225
2866
2884
3226
2867
2885
3227
2868
2886
3228
2887
3229
2870
3230
2871
3231
2872
3232
2873
3233
2874
3234
2875
3235
2876
3236
2877
3237
2878
3238
2879
3239
2880
3240
2881
3241
2882
3242
2883
3243
2884
3244
2885
3245
2886
3246
2887
3247
3248
2889
2907
2890
2908
2891
2909
2892
2910
2893
2911
2894
2912
2895
2913
2896
2914
2897
2915
2898
2916
2899
2917
2900
2918
2901
2919
2902
2920
2903
2921
2904
2922
2905
2923
2906
2924
2925
2908
2926
2909
2927
2910
2928
2911
2929
2912
2930
2913
2931
2914
2932
2915
2933
2916
2934
2917
2935
2918
2936
2919
2937
2920
2938
2921
2939
2922
2940
2923
2941
2924
2942
2925
2943
2944
2927
2945
2928
2946
2929
2947
2930
2948
2931
2949
2932
2950
2933
2951
2934
2952
2935
2953
2936
2954
2937
2955
2938
2956
2939
2957
2940
2958
2941
2959
2942
2960
2943
2961
2944
2962
2963
2946
2964
2947
2965
2948
2966
2949
2967
2950
2968
2951
2969
2952
2970
2953
2971
2954
2972
2955
2973
2956
2974
2957
2975
2958
2976
2959
2977
2960
2978
2961
2979
2962
2980
2963
2981
2982
2965
2983
2966
2984
2967
2985
2968
2986
2969
2987
2970
2988
2971
2989
2972
2990
2973
2991
2974
2992
2975
2993
2976
2994
2977
2995
2978
2996
2979
2997
2980
2998
2981
2999
2982
3000
3001
2984
3002
2985
3003
2986
3004
2987
3005
2988
3006
2989
3007
2990
3008
2991
3009
2992
3010
2993
3011
2994
3012
2995
3013
2996
3014
2997
3015
2998
3016
2999
3017
3000
3018
3001
3019
3020
3003
3021
3004
3022
3005
3023
3006
3024
3007
3025
3008
3026
3009
3027
3010
3028
3011
3029
3012
3030
3013
3031
3014
3032
3015
3033
3016
3034
3017
3035
3018
3036
3019
3037
3020
3038
3039
3022
3040
3023
3041
3024
3042
3025
3043
3026
3044
3027
3045
3028
3046
3029
3047
3030
3048
3031
3049
3032
3050
3033
3051
3034
3052
3035
3053
3036
3054
3037
3055
3038
3056
3039
3057
3058
3041
3059
3042
3060
3043
3061
3044
3062
3045
3063
3046
3064
3047
3065
3048
3066
3049
3067
3050
3068
3051
3069
3052
3070
3053
3071
3054
3072
3055
3073
3056
3074
3057
3075
3058
3076
3077
3060
3078
3061
3079
3062
3080
3063
3081
3064
3082
3065
3083
3066
3084
3067
3085
3068
3086
3069
3087
3070
3088
3071
3089
3072
3090
3073
3091
3074
3092
3075
3093
3076
3094
3077
3095
3096
3079
3097
3080
3098
3081
3099
3082
3100
3083
3101
3084
3102
3085
3103
3086
3104
3087
3105
3088
3106
3089
3107
3090
3108
3091
3109
3092
3110
3093
3111
3094
3112
3095
3113
3096
3114
3115
3098
3116
3099
3117
3100
3118
3101
3119
3102
3120
3103
3121
3104
3122
3105
3123
3106
3124
3107
3125
3108
3126
3109
3127
3110
3128
3111
3129
3112
3130
3113
3131
3114
3132
3115
3133
3134
3117
3135
3118
3136
3119
3137
3120
3138
3121
3139
3122
3140
3123
3141
3124
3142
3125
3143
3126
3144
3127
3145
3128
3146
3129
3147
3130
3148
3131
3149
3132
3150
3133
3151
3134
3152
3153
3136
3154
3137
3155
3138
3156
3139
3157
3140
3158
3141
3159
3142
3160
3143
3161
3144
3162
3145
3163
3146
3164
3147
3165
3148
3166
3149
3167
3150
3168
3151
3169
3152
3170
3153
3171
3172
3155
3173
3156
3174
3157
3175
3158
3176
3159
3177
3160
3178
3161
3179
3162
3180
3163
3181
3164
3182
3165
3183
3166
3184
3167
3185
3168
3186
3169
3187
3170
3188
3171
3189
3172
3190
3191
3174
3192
3175
3193
3176
3194
3177
3195
3178
3196
3179
3197
3180
3198
3181
3199
3182
3200
3183
3201
3184
3202
3185
3203
3186
3204
3187
3205
3188
3206
3189
3207
3190
3208
3191
3209
3210
3193
3211
3194
3212
3195
3213
3196
3214
3197
3215
3198
3216
3199
3217
3200
3218
3201
3219
3202
3220
3203
3221
3204
3222
3205
3223
3206
3224
3207
3225
3208
3226
3209
3227
3210
3228
3229
3212
3230
3213
3231
3214
3232
3215
3233
3216
3234
3217
3235
3218
3236
3219
3237
3220
3238
3221
3239
3222
3240
3223
3241
3224
3242
3225
3243
3226
3244
3227
3245
3228
3246
3229
3247
3248
3231
3232
3233
3234
3235
3236
3237
3238
3239
3240
3241
3242
3243
3244
3245
3246
3247
3248
)


// ************************************************************************* //
